     0/272     8.13G      5.03      1.55       2.6      9.17       147       416     0.358     0.652     0.491     0.462      2.98     0.931      1.01
     1/272     8.13G      3.02     0.964       1.2      5.19       150       416     0.396     0.755     0.603     0.518      2.64     0.738     0.668
     2/272     8.13G      2.67      0.82      0.87      4.36       101       416     0.442     0.754      0.62     0.552      2.48     0.714     0.645
     3/272     8.13G      2.54     0.806     0.811      4.15       146       416     0.449      0.79     0.671     0.572      2.42     0.641     0.488
     4/272     8.13G      2.42     0.761     0.707      3.89       138       416     0.429     0.804     0.685     0.559      2.24     0.648     0.486
     5/272     8.13G      2.32     0.734     0.673      3.73       137       416     0.479     0.803     0.695     0.598      2.24     0.615      0.42
     6/272     8.13G       2.3     0.746     0.718      3.77       163       416     0.487     0.808     0.705     0.604      2.26     0.608     0.392
     7/272     8.13G      2.24      0.69     0.596      3.52       179       416     0.493     0.823     0.723     0.613      2.22     0.593     0.359
     8/272     8.13G      2.18     0.688     0.565      3.44       122       416      0.46     0.836     0.729     0.588      2.04     0.575     0.322
     9/272     8.13G      2.17     0.679      0.53      3.38       107       416     0.503      0.82     0.727     0.621      2.13     0.572     0.335
    10/272     8.13G      2.11     0.659     0.513      3.28       135       416     0.516     0.831     0.739     0.635         2     0.558     0.302
    11/272     8.13G      2.08     0.636     0.456      3.17       114       416     0.504     0.835     0.741     0.625       2.1     0.548     0.275
    12/272     8.13G      2.07     0.647     0.486       3.2       110       416     0.511     0.836     0.743     0.634      2.03     0.542     0.274
    13/272     8.13G      2.05     0.631     0.445      3.13       164       416     0.563     0.823     0.745     0.669      2.04     0.532     0.258
    14/272     8.13G      2.02     0.625     0.423      3.07       126       416     0.529     0.844     0.759      0.65      2.11     0.545     0.269
    15/272     8.13G      2.02     0.634     0.411      3.06       154       416     0.568     0.823     0.744     0.672      1.95     0.529     0.255
    16/272     8.13G      2.01     0.637     0.467      3.12       116       416     0.534     0.844     0.763     0.653      1.99     0.546     0.247
    17/272     8.13G      2.01     0.619     0.426      3.05       128       416     0.535     0.852      0.77     0.656      1.94     0.519     0.256
    18/272     8.13G      1.97     0.615      0.43      3.01       134       416     0.517     0.851     0.765     0.641      1.89     0.514     0.239
    19/272     8.13G      1.96     0.599     0.372      2.93       185       416     0.545     0.855     0.775     0.662      1.93     0.512     0.228
    20/272     8.13G      1.96     0.603     0.408      2.98       130       416     0.508     0.851     0.757     0.632      2.03     0.519     0.265
    21/272     8.13G      1.94     0.606     0.394      2.95       150       416     0.566     0.846      0.77     0.676      1.98     0.513     0.231
    22/272     8.13G      1.93      0.59     0.361      2.88       163       416     0.618     0.845     0.782     0.713      1.85     0.495     0.207
    23/272     8.13G       1.9     0.577     0.338      2.82       150       416     0.578     0.856     0.785     0.689      1.88     0.494     0.207
    24/272     8.13G       1.9     0.584     0.349      2.83       103       416     0.597     0.856     0.787     0.704      1.82     0.494     0.202
    25/272     8.13G      1.88     0.575     0.344       2.8       133       416     0.558     0.866     0.796     0.678      1.81     0.488     0.194
    26/272     8.13G      1.89      0.57     0.366      2.83       115       416     0.587     0.857     0.788     0.696      1.86     0.488     0.201
    27/272     8.13G      1.87      0.56     0.314      2.74       156       416     0.569     0.871     0.799     0.687      1.91     0.477     0.189
    28/272     8.13G      1.87     0.567     0.335      2.77       146       416     0.553     0.867     0.793     0.674      1.84     0.486     0.206
    29/272     8.13G      1.87     0.579     0.345      2.79       112       416     0.602     0.865     0.795      0.71      1.86     0.474     0.174
    30/272     8.13G      1.85     0.563     0.325      2.74       142       416     0.589     0.859     0.791     0.698       1.8     0.488     0.186
    31/272     8.13G      1.84     0.557     0.296       2.7       185       416     0.599      0.87     0.806     0.708      1.77      0.47     0.163
    32/272     8.13G      1.82     0.544     0.296      2.66        89       416     0.578     0.871     0.807     0.693      1.78     0.472     0.161
    33/272     8.13G      1.81     0.536     0.287      2.64       154       416     0.561     0.877     0.808     0.684       1.8     0.474     0.185
    34/272     8.13G      1.81     0.548     0.327      2.69       120       416     0.601     0.868     0.805     0.709      1.81     0.469      0.17
    35/272     8.13G      1.81      0.55     0.309      2.67       116       416     0.601     0.862     0.798     0.707      1.74     0.488     0.211
    36/272     8.13G      1.81     0.555     0.306      2.67       147       416     0.588     0.876      0.81     0.703      1.79      0.47     0.151
    37/272     8.13G      1.81     0.541     0.285      2.63       113       416      0.61     0.859     0.799     0.712      1.87     0.465     0.164
    38/272     8.13G       1.8     0.542     0.281      2.62       140       416       0.6     0.873     0.809      0.71      1.77     0.462     0.167
    39/272     8.13G      1.79     0.538       0.3      2.63       168       416     0.606     0.874     0.811     0.715      1.72     0.458     0.154
    40/272     8.13G      1.78     0.537     0.259      2.58       167       416     0.595     0.881     0.818      0.71      1.76     0.456     0.141
    41/272     8.13G      1.77     0.525     0.261      2.56       145       416     0.578     0.883     0.821     0.698      1.79     0.452     0.157
    42/272     8.13G      1.77     0.531     0.273      2.57        81       416     0.598     0.881     0.821     0.712      1.77     0.456     0.145
    43/272     8.13G      1.78     0.531     0.286       2.6       125       416     0.606     0.876     0.817     0.715      1.76     0.457     0.157
    44/272     8.13G      1.78     0.536     0.288       2.6       108       416     0.629     0.868     0.808     0.729      1.77     0.458     0.164
    45/272     8.13G      1.78     0.544     0.321      2.65       149       416     0.607     0.873     0.811     0.716      1.73     0.456     0.155
    46/272     8.13G      1.78     0.534     0.284       2.6        96       416     0.608     0.877     0.817     0.718      1.74     0.457     0.146
    47/272     8.13G      1.76      0.53     0.264      2.55       142       416     0.618     0.881     0.821     0.725      1.74      0.45     0.147
    48/272     8.13G      1.75     0.525     0.264      2.54       146       416     0.624     0.874     0.815     0.726      1.81     0.447     0.146
    49/272     8.13G      1.73     0.513     0.253       2.5       167       416     0.621     0.879     0.819     0.728      1.72     0.445     0.144
    50/272     8.13G      1.75     0.525     0.267      2.54        97       416      0.61      0.88     0.819      0.72      1.68     0.446     0.143
    51/272     8.13G      1.75     0.523     0.287      2.56       146       416     0.574     0.888     0.822     0.694      1.67     0.448      0.15
    52/272     8.13G      1.75     0.523     0.284      2.56       155       416     0.594     0.888     0.828     0.711      1.67     0.441     0.132
    53/272     8.13G      1.73     0.511     0.247      2.49       140       416     0.634     0.882     0.826     0.737      1.69     0.435     0.136
    54/272     8.13G      1.72     0.502     0.239      2.46       154       416     0.617     0.884     0.827     0.726      1.68     0.433     0.132
    55/272     8.13G      1.72     0.517     0.264       2.5       183       416     0.629     0.885     0.826     0.734      1.73     0.445     0.134
    56/272     8.13G      1.73     0.509     0.234      2.47       140       416     0.626      0.89     0.834     0.735      1.71     0.436     0.124
    57/272     8.13G       1.7     0.504     0.239      2.45       101       416     0.594     0.896     0.834     0.713      1.69     0.428      0.14
    58/272     8.13G       1.7     0.501     0.245      2.45       201       416     0.622     0.886      0.83     0.731      1.74     0.426     0.127
    59/272     8.13G      1.69     0.492     0.231      2.41       103       416     0.603     0.895     0.837     0.719      1.68     0.427     0.135
    60/272     8.13G       1.7     0.496     0.225      2.43       149       416     0.619     0.892     0.835      0.73       1.8     0.431     0.129
    61/272     8.13G      1.69     0.493     0.233      2.42       125       416     0.597     0.902     0.839     0.717      1.72     0.427     0.133
    62/272     8.13G      1.69     0.496     0.232      2.42       130       416      0.63     0.893     0.837     0.738      1.65     0.425     0.123
    63/272     8.13G       1.7     0.508      0.26      2.47       106       416     0.618     0.884     0.827     0.727      1.69     0.441     0.138
    64/272     8.13G      1.72     0.512     0.257      2.49       172       416     0.636     0.883     0.826      0.74      1.67      0.43     0.134
    65/272     8.13G      1.69     0.502     0.243      2.44       146       416     0.624     0.888     0.832     0.733      1.66     0.429     0.132
    66/272     8.13G      1.69     0.495     0.231      2.41       149       416     0.634     0.899     0.848     0.743      1.65     0.424     0.123
    67/272     8.13G       1.7     0.513     0.258      2.47       129       416     0.628     0.896     0.842     0.739      1.69     0.435     0.132
    68/272     8.13G      1.68       0.5     0.236      2.42       152       416     0.615     0.899      0.84      0.73      1.62     0.422     0.123
    69/272     8.13G      1.69     0.504     0.256      2.45       113       416     0.634     0.892     0.839     0.741      1.62     0.426     0.118
    70/272     8.13G      1.68     0.484     0.238       2.4       137       416     0.633     0.897     0.844     0.742      1.63     0.426     0.125
    71/272     8.13G      1.67     0.498     0.235      2.41        98       416     0.633     0.892     0.837     0.739      1.66     0.419     0.132
    72/272     8.13G      1.69     0.506      0.24      2.44       136       416      0.66     0.892     0.846     0.759      1.64     0.422     0.117
    73/272     8.13G      1.68     0.491      0.23       2.4       113       416     0.658     0.878     0.828      0.75      1.67     0.434     0.134
    74/272     8.13G      1.69     0.503      0.25      2.44       168       416     0.635     0.892     0.838     0.742      1.63     0.426     0.126
    75/272     8.13G      1.67     0.484     0.227      2.38       114       416     0.636     0.895     0.842     0.743      1.64     0.427     0.117
    76/272     8.13G      1.66     0.482     0.216      2.36       120       416     0.621     0.902     0.846     0.735      1.64     0.414     0.118
    77/272     8.13G      1.72     0.525     0.314      2.56       134       416     0.581     0.899     0.839     0.705      1.66     0.443     0.139
    78/272     8.13G      1.74      0.54     0.321       2.6       117       416     0.561     0.888     0.816     0.685      1.76     0.468     0.167
    79/272     8.13G      1.73      0.53     0.279      2.54       138       416     0.602     0.892     0.835     0.718      1.71     0.438     0.126
    80/272     8.13G      1.69     0.498      0.23      2.42       160       416     0.616     0.898     0.843      0.73      1.65     0.426      0.12
    81/272     8.13G      1.69     0.508     0.246      2.44       122       416     0.648      0.89     0.837     0.749       1.7     0.423     0.114
    82/272     8.13G      1.67     0.489      0.23      2.38       119       416     0.638     0.898     0.846     0.746      1.62      0.42     0.117
    83/272     8.13G      1.66     0.492     0.219      2.37       178       416     0.655     0.897     0.844     0.757      1.64     0.412     0.115
    84/272     8.13G      1.65     0.483     0.211      2.35       178       416     0.639     0.898     0.846     0.746      1.66      0.41     0.126
    85/272     8.13G      1.64     0.472     0.217      2.32       125       416     0.652     0.902     0.851     0.757      1.58     0.412     0.105
    86/272     8.13G      1.65     0.472     0.221      2.34       131       416     0.613     0.904     0.847      0.73      1.66     0.413     0.109
    87/272     8.13G      1.65     0.472     0.219      2.34       172       416     0.665     0.894     0.846     0.762      1.66     0.406     0.114
    88/272     8.13G      1.63     0.473     0.227      2.33       173       416     0.644     0.904     0.853     0.751      1.57     0.406     0.116
    89/272     8.13G      1.66      0.48     0.236      2.37       167       416     0.641     0.895     0.841     0.747      1.76     0.406     0.112
    90/272     8.13G      1.64     0.471     0.207      2.32       171       416     0.647     0.905     0.855     0.755      1.59     0.403     0.104
    91/272     8.13G      1.64     0.478     0.226      2.34       127       416     0.589     0.901      0.84     0.712      1.62     0.422     0.136
    92/272     8.13G      1.65     0.478     0.215      2.34       138       416     0.622     0.908     0.853     0.737      1.59     0.407     0.117
    93/272     8.13G      1.63     0.477     0.217      2.33       157       416     0.645     0.909     0.857     0.754      1.67     0.398     0.108
    94/272     8.13G      1.63     0.465     0.198      2.29       171       416     0.646     0.905     0.856     0.753      1.65     0.399     0.107
    95/272     8.13G      1.62     0.461     0.197      2.28       102       416     0.661     0.901     0.853     0.761      1.73     0.408     0.112
    96/272     8.13G      1.62     0.465     0.199      2.29        51       416     0.649     0.907     0.857     0.756      1.57     0.402     0.107
    97/272     8.13G      1.62     0.463     0.216       2.3       124       416      0.65     0.903     0.851     0.756      1.69     0.406     0.105
    98/272     8.13G       1.6     0.456     0.205      2.27       129       416     0.659     0.907      0.86     0.763      1.57     0.395      0.11
    99/272     8.13G      1.65     0.483     0.245      2.38       163       416     0.636     0.895     0.842     0.743      1.59     0.415     0.114
   100/272     8.13G      1.64     0.483     0.202      2.32       174       416      0.65     0.908     0.858     0.757      1.62     0.405     0.111
   101/272     8.13G      1.62     0.468     0.223      2.31       107       416      0.62     0.908     0.853     0.735      1.63     0.414     0.124
   102/272     8.13G      1.63     0.482     0.223      2.34       145       416     0.652     0.904     0.853     0.756      1.59     0.416     0.117
   103/272     8.13G      1.63     0.483     0.234      2.35       148       416      0.64     0.905     0.854     0.749      1.72     0.413     0.124
   104/272     8.13G      1.66     0.509     0.273      2.45       118       416      0.61     0.894     0.828     0.725       1.7      0.44     0.133
   105/272     8.13G      1.67     0.514     0.249      2.44       132       416     0.631     0.895     0.841      0.74      1.69     0.423     0.129
   106/272     8.13G      1.66       0.5     0.232      2.39       165       416     0.627     0.898     0.842     0.738      1.72     0.425     0.141
   107/272     8.13G      1.67       0.5     0.237      2.41       112       416     0.642     0.897     0.844     0.747      1.65      0.42     0.118
   108/272     8.13G      1.65     0.481     0.226      2.35       145       416     0.652     0.902     0.854     0.757      1.63      0.41     0.116
   109/272     8.13G      1.64      0.48     0.221      2.34       142       416     0.664     0.905     0.856     0.766      1.68      0.41     0.114
   110/272     8.13G      1.64     0.474      0.21      2.33       135       416     0.645       0.9     0.849     0.751      1.63     0.414     0.128
   111/272     8.13G      1.63     0.471      0.21      2.31       110       416     0.648     0.907     0.857     0.756      1.59     0.411     0.108
   112/272     8.13G      1.68     0.508     0.288      2.47       185       416     0.571     0.904     0.841     0.697      1.64      0.43     0.132
   113/272     8.13G      1.65     0.493     0.228      2.38       114       416     0.636     0.904     0.851     0.746      1.65     0.408     0.112
   114/272     8.13G      1.63     0.476     0.213      2.32       142       416     0.644     0.905     0.853     0.752      1.64     0.406      0.12
   115/272     8.13G      1.63     0.469     0.217      2.31       125       416     0.661     0.906     0.856     0.764      1.58     0.402     0.109
   116/272     8.13G      1.61     0.464     0.194      2.26       169       416     0.654     0.912     0.863     0.762      1.61     0.402     0.108
   117/272     8.13G      1.62     0.474     0.237      2.33       134       416     0.619     0.905     0.852     0.733      1.65     0.439     0.127
   118/272     8.13G      1.67     0.508     0.271      2.45       153       416     0.647     0.898     0.846     0.751      1.63     0.413      0.12
   119/272     8.13G      1.62      0.47     0.225      2.32       138       416     0.663     0.899     0.851     0.763      1.62     0.411     0.105
   120/272     8.13G      1.62     0.466     0.202      2.28       101       416     0.657      0.91     0.861     0.762      1.71     0.403     0.102
   121/272     8.13G       1.6     0.457     0.195      2.25       162       416     0.679      0.91     0.865     0.777      1.56     0.391    0.0961
   122/272     8.13G      1.62     0.473      0.21       2.3       130       416     0.651     0.907     0.857     0.755      1.62     0.406      0.12
   123/272     8.13G       1.6      0.47     0.196      2.27       125       416     0.655     0.913     0.866     0.762      1.58     0.393    0.0942
   124/272     8.13G      1.61      0.46     0.209      2.28       121       416      0.65     0.912     0.862     0.758      1.64     0.391     0.121
   125/272     8.13G      1.59      0.46       0.2      2.25       121       416     0.668     0.911     0.864      0.77       1.6     0.393    0.0979
   126/272     8.13G      1.58     0.448     0.196      2.22       101       416      0.67     0.911     0.865     0.772      1.57      0.39     0.105
   127/272     8.13G      1.58     0.449      0.18      2.21       130       416     0.682     0.909     0.865     0.779      1.61      0.38    0.0942
   128/272     8.13G      1.58     0.454     0.184      2.21       140       416     0.669      0.91     0.863     0.771      1.56     0.397    0.0987
   129/272     8.13G      1.58     0.444     0.189      2.21       118       416     0.671     0.914     0.868     0.774      1.56     0.385    0.0984
   130/272     8.13G      1.57     0.452     0.179      2.21       124       416      0.66     0.916     0.872     0.767      1.52     0.389     0.103
   131/272     8.13G      1.56     0.438     0.165      2.17       142       416      0.67     0.915     0.872     0.773      1.55     0.378       0.1
   132/272     8.13G      1.57     0.441     0.191       2.2        98       416     0.663     0.916     0.872     0.769      1.56     0.386     0.101
   133/272     8.13G      1.56     0.429     0.175      2.16       159       416     0.675     0.913     0.871     0.776      1.55     0.384     0.094
   134/272     8.13G      1.55      0.44      0.19      2.18       163       416     0.659     0.916     0.872     0.766       1.5      0.39    0.0951
   135/272     8.13G      1.57     0.446      0.19       2.2       109       416     0.682     0.912     0.868      0.78      1.52     0.381    0.0912
   136/272     8.13G      1.58     0.453     0.203      2.24       125       416     0.659     0.916     0.869     0.766      1.58     0.386    0.0994
   137/272     8.13G      1.57     0.444     0.204      2.22       150       416     0.678     0.911     0.867     0.777      1.58     0.382    0.0965
   138/272     8.13G      1.56     0.435     0.197      2.19       145       416     0.663     0.917     0.874      0.77      1.62     0.388     0.106
   139/272     8.13G      1.57     0.451     0.196      2.22       102       416     0.689     0.909     0.867     0.784      1.53      0.39     0.103
   140/272     8.13G      1.58      0.46     0.222      2.26       120       416     0.643     0.907     0.857     0.752      1.58     0.395     0.124
   141/272     8.13G      1.58     0.452     0.205      2.24       123       416     0.681     0.907     0.859     0.778      1.57     0.397     0.106
   142/272     8.13G      1.58     0.451     0.205      2.24       111       416     0.694     0.909     0.866     0.787      1.58     0.382    0.0979
   143/272     8.13G      1.58     0.449     0.204      2.23       139       416     0.665     0.912     0.868     0.769      1.56     0.394     0.103
   144/272     8.13G      1.59     0.462     0.217      2.27       142       416     0.652     0.914     0.868      0.76      1.56     0.393    0.0975
   145/272     8.13G      1.55     0.447     0.181      2.18       147       416     0.671     0.913     0.868     0.773      1.55     0.378     0.114
   146/272     8.13G      1.57     0.445     0.187       2.2       137       416     0.685     0.907     0.863     0.781      1.47     0.375    0.0971
   147/272     8.13G      1.56     0.446     0.191       2.2       100       416     0.693     0.911     0.869     0.787      1.55      0.38    0.0977
   148/272     8.13G      1.55      0.44     0.186      2.18       117       416     0.669      0.92     0.878     0.774      1.52      0.38     0.102
   149/272     8.13G      1.54     0.428     0.177      2.15       116       416     0.688     0.912      0.87     0.784       1.5     0.371    0.0955
   150/272     8.13G      1.55     0.432     0.191      2.17       130       416     0.691     0.911     0.866     0.786      1.54     0.386    0.0958
   151/272     8.13G      1.54     0.433     0.185      2.16       190       416     0.656     0.924      0.88     0.766      1.58     0.377    0.0971
   152/272     8.13G      1.54     0.437      0.17      2.14       145       416     0.696     0.917     0.878     0.791      1.53      0.37       0.1
   153/272     8.13G      1.55     0.439     0.204      2.19       158       416     0.682     0.913     0.871      0.78      1.52     0.387     0.108
   154/272     8.13G      1.56     0.442     0.191      2.19        98       416     0.667      0.92     0.874     0.773      1.56     0.377    0.0992
   155/272     8.13G      1.55     0.425     0.179      2.15       120       416     0.643     0.924     0.876     0.757      1.54     0.384     0.109
   156/272     8.13G      1.55     0.441     0.174      2.17       113       416     0.719     0.911     0.873     0.803      1.52     0.374    0.0929
   157/272     8.13G      1.56     0.451     0.208      2.22       147       416     0.631      0.92     0.869     0.746      1.55     0.389     0.104
   158/272     8.13G      1.55     0.442     0.179      2.18       112       416     0.691     0.917     0.877     0.788      1.56     0.376     0.103
   159/272     8.13G      1.54     0.439     0.178      2.15       137       416     0.667     0.925     0.879     0.775      1.46     0.369    0.0914
   160/272     8.13G      1.53     0.428     0.173      2.13       125       416     0.694     0.917     0.877      0.79       1.5     0.366    0.0987
   161/272     8.13G      1.53     0.429      0.17      2.13       107       416     0.672      0.92     0.877     0.776      1.52     0.366    0.0913
   162/272     8.13G      1.51     0.425     0.159      2.09       137       416     0.687     0.919     0.879     0.785      1.57     0.368      0.09
   163/272     8.13G      1.53     0.429     0.188      2.15       145       416      0.68      0.92      0.88     0.781      1.56     0.368     0.103
   164/272     8.13G      1.52     0.419     0.172      2.11       125       416     0.695     0.919      0.88     0.791      1.56     0.366    0.0885
   165/272     8.13G      1.52     0.424     0.171      2.12       165       416     0.697     0.924     0.882     0.794      1.58     0.367    0.0943
   166/272     8.13G      1.52     0.423     0.173      2.11       134       416       0.7      0.92     0.877     0.795      1.49     0.362    0.0906
   167/272     8.13G      1.52     0.418      0.17       2.1       154       416     0.685     0.922      0.88     0.786       1.5     0.367     0.095
   168/272     8.13G      1.53     0.431     0.205      2.16       120       416     0.673     0.913     0.869     0.774      1.59     0.393      0.11
   169/272     8.13G      1.56     0.456     0.228      2.25       117       416     0.665      0.92     0.872     0.772      1.51      0.38     0.104
   170/272     8.13G      1.55     0.443     0.193      2.19       122       416     0.664     0.923     0.879     0.772      1.51      0.38    0.0967
   171/272     8.13G      1.53     0.424     0.176      2.13       170       416     0.681     0.916     0.873     0.781      1.54      0.38    0.0956
   172/272     8.13G      1.53     0.428     0.188      2.14       185       416     0.666     0.921     0.876     0.772      1.51     0.372     0.108
   173/272     8.13G      1.52     0.427      0.19      2.14       145       416     0.648     0.921     0.873      0.76      1.52     0.386    0.0991
   174/272     8.13G      1.56     0.455     0.222      2.23       121       416      0.67     0.908     0.865      0.77      1.51     0.385      0.11
   175/272     8.13G      1.55     0.446     0.202       2.2       162       416     0.688     0.919      0.88     0.786      1.49     0.372     0.101
   176/272     8.13G      1.53     0.427     0.199      2.16       106       416     0.677     0.914     0.869     0.778      1.54     0.387     0.108
   177/272     8.13G      1.52     0.431     0.175      2.13       137       416     0.692     0.923     0.885     0.791      1.51     0.361    0.0892
   178/272     8.13G      1.53     0.421     0.178      2.13       115       416     0.668     0.921     0.879     0.774      1.54     0.376    0.0992
   179/272     8.13G      1.54     0.431     0.209      2.18       125       416     0.702     0.917     0.878     0.795      1.57     0.374    0.0931
   180/272     8.13G      1.52     0.436      0.18      2.14       119       416     0.681     0.919     0.875     0.782      1.53      0.37    0.0985
   181/272     8.13G      1.53     0.436     0.184      2.15       191       416     0.664     0.923      0.88     0.772      1.49     0.373     0.104
   182/272     8.13G      1.55     0.436     0.203      2.19       169       416      0.61     0.921     0.866     0.733      1.52     0.379     0.103
   183/272     8.13G      1.54     0.452       0.2      2.19       137       416     0.663     0.922     0.879      0.77      1.58      0.37    0.0954
   184/272     8.13G      1.54     0.437     0.179      2.16       129       416     0.681     0.919     0.878     0.782      1.59     0.381    0.0956
   185/272     8.13G      1.54     0.441     0.192      2.17       109       416     0.682     0.903     0.848     0.777      1.53     0.394     0.114
   186/272     8.13G      1.55     0.446     0.203       2.2       134       416     0.671     0.919     0.874     0.774      1.55      0.37    0.0892
   187/272     8.13G      1.55     0.441     0.196      2.19       104       416      0.66     0.913      0.87     0.763       1.5     0.378     0.105
   188/272     8.13G      1.54     0.433     0.198      2.17       134       416     0.673     0.921     0.878     0.777      1.55     0.369    0.0921
   189/272     8.13G      1.53     0.431     0.172      2.13       130       416      0.68     0.924     0.883     0.783      1.47     0.364    0.0925
   190/272     8.13G      1.51     0.421     0.164      2.09       149       416     0.684     0.925     0.882     0.787       1.5     0.365    0.0901
   191/272     8.13G       1.5     0.417     0.166      2.08       157       416     0.701     0.919      0.88     0.795      1.56     0.363    0.0875
   192/272     8.13G       1.5     0.415     0.167      2.08       148       416     0.704     0.923     0.883     0.799      1.49     0.359    0.0905
   193/272     8.13G       1.5     0.424     0.172       2.1       171       416     0.697     0.923     0.882     0.794      1.54     0.366    0.0922
   194/272     8.13G       1.5     0.411     0.179      2.09       143       416     0.689     0.921     0.882     0.788      1.51     0.365    0.0978
   195/272     8.13G      1.52     0.431     0.188      2.13       149       416     0.718     0.915     0.877     0.804      1.56      0.37     0.104
   196/272     8.13G      1.51     0.417     0.188      2.12       147       416     0.677     0.922     0.882      0.78      1.47     0.378     0.103
   197/272     8.13G      1.51     0.423     0.171       2.1       122       416     0.708     0.922     0.885       0.8      1.45     0.359      0.09
   198/272     8.13G      1.51     0.421     0.175       2.1       119       416     0.674     0.924     0.884     0.779       1.5     0.366     0.101
   199/272     8.13G      1.53     0.435     0.211      2.17        98       416      0.69     0.916     0.874     0.787      1.56     0.375    0.0979
   200/272     8.13G      1.53     0.436     0.181      2.14       110       416     0.637      0.92      0.87     0.752      1.58     0.402     0.116
   201/272     8.13G      1.63     0.509     0.258       2.4       143       416     0.676     0.905     0.861     0.774      1.65     0.404     0.104
   202/272     8.13G       1.6     0.489      0.25      2.34       135       416     0.654     0.906     0.858     0.759      1.57     0.415     0.119
   203/272     8.13G      1.58     0.467     0.222      2.27       143       416     0.688     0.914      0.87     0.784      1.52     0.383    0.0991
   204/272     8.13G      1.55     0.441     0.208       2.2       155       416     0.691     0.915     0.871     0.787      1.58     0.376     0.103
   205/272     8.13G      1.53     0.433     0.195      2.16       116       416     0.665     0.924     0.882     0.772      1.48     0.365    0.0908
   206/272     8.13G      1.52     0.426     0.189      2.13       110       416     0.681     0.925     0.883     0.784      1.51     0.369    0.0923
   207/272     8.13G      1.52     0.424     0.166      2.11       107       416     0.696     0.922     0.881     0.793      1.57     0.362     0.087
   208/272     8.13G      1.51     0.418     0.171       2.1       161       416     0.677     0.924      0.88     0.781      1.48     0.368    0.0934
   209/272     8.13G      1.52     0.415     0.177      2.11       134       416     0.677     0.929      0.89     0.783      1.53     0.365    0.0877
   210/272     8.13G       1.5     0.422     0.162      2.09       107       416     0.687     0.924     0.881     0.787      1.46     0.374    0.0979
   211/272     8.13G      1.52     0.439     0.198      2.16       163       416     0.685     0.919     0.878     0.784      1.52     0.375    0.0915
   212/272     8.13G      1.53     0.431     0.192      2.15       117       416     0.688     0.924     0.885     0.789       1.5     0.366    0.0903
   213/272     8.13G      1.52     0.424     0.185      2.13       118       416      0.68     0.921     0.879     0.783      1.48     0.374    0.0902
   214/272     8.13G      1.51     0.428     0.173      2.11       154       416     0.687     0.926     0.885     0.789       1.5     0.368    0.0886
   215/272     8.13G       1.5     0.414     0.162      2.08       208       416     0.657     0.925     0.877     0.767      1.48     0.367    0.0913
   216/272     8.13G      1.52     0.432     0.199      2.15       160       416     0.677     0.925     0.882      0.78       1.5      0.38    0.0893
   217/272     8.13G      1.51     0.428     0.177      2.11       155       416     0.686     0.929     0.889     0.788       1.5      0.36    0.0831
   218/272     8.13G      1.49     0.419     0.161      2.07       175       416     0.684      0.93     0.892     0.788      1.48     0.352    0.0842
   219/272     8.13G      1.37     0.395     0.155      1.93       169       416     0.699     0.931     0.895     0.798      1.37      0.34    0.0724
   220/272     8.13G      1.35     0.385     0.136      1.87       107       416     0.713     0.931     0.897     0.807      1.35     0.338    0.0673
   221/272     8.13G      1.34     0.387     0.142      1.87       133       416     0.719     0.931     0.898     0.811      1.36     0.335    0.0649
   222/272     8.13G      1.33     0.385     0.132      1.85       158       416     0.719     0.932     0.897     0.812      1.34     0.332    0.0647
   223/272     8.13G      1.34     0.376     0.129      1.84       136       416     0.725     0.933     0.899     0.816      1.34     0.332    0.0626
   224/272     8.13G      1.32     0.377     0.124      1.82       157       416      0.72     0.935     0.901     0.813      1.35     0.329    0.0611
   225/272     8.13G      1.31     0.374     0.118       1.8       195       416     0.722     0.936     0.902     0.815      1.33      0.33    0.0599
   226/272     8.13G       1.3     0.369     0.123      1.79       107       416      0.72     0.936     0.904     0.814      1.32     0.326    0.0595
   227/272     8.13G      1.31     0.376     0.126      1.81       124       416     0.718     0.937     0.904     0.813      1.32     0.327    0.0584
   228/272     8.13G      1.31     0.372     0.125       1.8       164       416     0.723     0.936     0.903     0.816      1.32     0.327     0.058
   229/272     8.13G      1.31     0.366     0.123       1.8       129       416     0.718     0.937     0.903     0.813      1.34     0.324    0.0571
   230/272     8.13G       1.3     0.366     0.122      1.79       159       416     0.733     0.936     0.903     0.822      1.33     0.322    0.0571
   231/272     8.13G      1.29     0.359     0.121      1.77        77       416     0.728     0.937     0.905     0.819      1.32     0.326    0.0556
   232/272     8.13G       1.3     0.363     0.123      1.78        96       416     0.737     0.936     0.904     0.824      1.31     0.326    0.0558
   233/272     8.13G      1.29     0.356     0.116      1.76       133       416     0.731     0.937     0.903     0.821      1.31     0.321    0.0563
   234/272     8.13G      1.29     0.357     0.108      1.75       104       416     0.722     0.939     0.905     0.816       1.3     0.323    0.0549
   235/272     8.13G      1.29     0.362     0.107      1.76       140       416     0.731     0.938     0.906     0.822      1.31     0.323     0.055
   236/272     8.13G      1.28     0.359     0.112      1.75       125       416     0.734     0.937     0.906     0.823      1.31      0.32    0.0537
   237/272     8.13G      1.28     0.365     0.111      1.76       130       416     0.731     0.939     0.907     0.822      1.33     0.321    0.0546
   238/272     8.13G      1.28     0.357     0.117      1.76       102       416     0.735     0.938     0.906     0.824      1.28     0.318    0.0537
   239/272     8.13G      1.29     0.361     0.118      1.77       138       416     0.739     0.938     0.907     0.827      1.32     0.318    0.0535
   240/272     8.13G      1.28     0.366     0.109      1.76       121       416     0.738     0.939     0.907     0.826      1.31     0.317    0.0542
   241/272     8.13G      1.27     0.359     0.103      1.74       120       416     0.739     0.939     0.907     0.827      1.31     0.316    0.0533
   242/272     8.13G      1.28     0.355      0.11      1.74       116       416     0.727      0.94     0.908      0.82      1.29     0.315     0.053
   243/272     8.13G      1.27     0.352     0.116      1.74        95       416     0.741     0.938     0.907     0.828      1.29     0.314    0.0528
   244/272     8.13G      1.27     0.355     0.102      1.72       147       416      0.74     0.939     0.908     0.828      1.28     0.313    0.0531
   245/272     8.13G      1.27     0.348     0.117      1.73       103       416     0.737     0.939     0.907     0.826      1.27     0.311    0.0528
   246/272     8.13G      1.27      0.35     0.108      1.72       140       416      0.74     0.939     0.907     0.827      1.28     0.312    0.0521
   247/272     8.13G      1.26     0.349     0.102      1.71        98       416     0.742     0.939     0.908     0.829      1.28     0.311    0.0518
   248/272     8.13G      1.26     0.358     0.103      1.72       137       416     0.739      0.94     0.907     0.827      1.28      0.31    0.0521
   249/272     8.13G      1.25      0.35    0.0947       1.7        83       416     0.736     0.941     0.907     0.826      1.28     0.311    0.0519
   250/272     8.13G      1.26     0.345     0.113      1.72       190       416     0.735      0.94     0.907     0.825      1.28     0.312    0.0515
   251/272     8.13G      1.26     0.351     0.112      1.72       229       416     0.741      0.94     0.908     0.829      1.28     0.312    0.0515
   252/272     8.13G      1.26     0.356    0.0953      1.71       164       416     0.739      0.94     0.907     0.828      1.28     0.312    0.0516
   253/272     8.13G      1.26      0.35     0.107      1.72       144       416     0.738      0.94     0.908     0.827      1.27      0.31    0.0514
   254/272     8.13G      1.25     0.345     0.106       1.7       159       416     0.744      0.94     0.908      0.83      1.28     0.311    0.0513
   255/272     8.13G      1.26     0.353     0.105      1.71       147       416     0.739      0.94     0.907     0.828      1.29     0.311    0.0512
   256/272     8.13G      1.26     0.354     0.107      1.72       155       416     0.735      0.94     0.907     0.825      1.27     0.311    0.0513
   257/272     8.13G      1.26     0.349     0.103      1.71       153       416     0.738      0.94     0.908     0.827      1.29     0.311    0.0513
   258/272     8.13G      1.25     0.352    0.0988       1.7       123       416     0.735     0.941     0.908     0.826      1.28     0.311    0.0513
   259/272     8.13G      1.26     0.355     0.112      1.72       107       416     0.734     0.941     0.908     0.824      1.28     0.312    0.0514
   260/272     8.13G      1.25     0.349     0.104      1.71       150       416     0.742      0.94     0.909     0.829      1.27      0.31    0.0509
   261/272     8.13G      1.26     0.349      0.11      1.72        87       416     0.741     0.941      0.91     0.829      1.27      0.31    0.0512
   262/272     8.13G      1.25     0.352     0.103       1.7       122       416     0.738     0.941     0.909     0.827      1.27      0.31    0.0511
   263/272     8.13G      1.25     0.345     0.108      1.71       128       416     0.739     0.941      0.91     0.827      1.28     0.311     0.051
   264/272     8.13G      1.25     0.346     0.106       1.7       106       416     0.736     0.941      0.91     0.826      1.27      0.31    0.0512
   265/272     8.13G      1.25     0.346     0.103      1.69       162       416     0.741      0.94     0.908     0.829      1.28     0.311    0.0511
   266/272     8.13G      1.26     0.347      0.11      1.72       158       416     0.739     0.941      0.91     0.828      1.27     0.311     0.051
   267/272     8.13G      1.25     0.342     0.105       1.7       156       416     0.744      0.94     0.911      0.83      1.28     0.309     0.051
   268/272     8.13G      1.26     0.343     0.102       1.7       134       416     0.739     0.941      0.91     0.828      1.28      0.31    0.0509
   269/272     8.13G      1.25     0.351    0.0978       1.7       144       416     0.735     0.941     0.908     0.825      1.27      0.31    0.0509
   270/272     8.13G      1.26     0.347     0.102      1.71       136       416     0.739      0.94     0.908     0.827      1.27     0.311     0.051
   271/272     8.13G      1.25     0.341     0.101      1.69       157       416     0.738     0.941     0.909     0.827      1.27      0.31     0.051
   272/272     8.13G      1.25     0.349     0.105       1.7       138       416     0.283     0.961     0.922     0.435      1.28      0.31    0.0511
